0.000215
0.000238
0.000268
0.000298
0.00032
0.000354
0.000404
0.000407
0.000432
0.00046
0.000482
0.00055
0.000572
0.000615
0.000632
0.000967
0.00097
0.001459
0.001462
0.001465
0.001493
0.001516
0.001541
0.00157
0.001586
0.001682
0.001705
0.001732
0.001755
0.001777
0.002359
0.002369
0.002372
0.002374
0.002415
0.002439
0.002463
0.002493
0.00253
0.00254
0.002667
0.002689
0.002715
0.002741
0.002763
0.003249
0.00328
0.0033
0.003325
0.00335
0.003377
0.003399
0.00342
0.003459
0.003607
0.00361
0.003612
0.003637
0.003653
0.003824
0.003848
0.003869
0.004345
0.004357
0.00436
0.004362
0.004424
0.004443
0.004467
0.004496
0.00451
0.004584
0.004606
0.004632
0.004654
0.004675
0.005242
0.005251
0.005254
0.005256
0.005288
0.005299
0.005313
0.005336
0.005373
0.00538
0.005504
0.005524
0.005549
0.005576
0.005595
0.00608
0.006109
0.006128
0.00615
0.006175
0.006202
0.006224
0.006244
0.006267
0.00641
0.006413
0.006415
0.006429
0.006445
0.006548
0.00655
0.006683
0.006707
0.006728
0.008155
0.008158
0.008521
0.008532
0.008535
0.008538
0.008557
0.00856
0.008563
0.008624
0.008627
0.008629
0.008662
0.008665
0.008667
0.008685
0.008688
0.008712
0.008716
0.00872
0.008743
0.008746
0.008749
0.008761
0.008764
0.009219
0.00925
0.009261
0.009263
0.009266
0.009296
0.009317
0.009327
0.00933
0.009333
0.00937
0.009373
0.009515
0.009518
0.00952
0.009546
0.009549
0.010032
0.010053
0.010056
0.010059
0.010066
0.010116
0.010137
0.01014
0.010142
0.010292
0.010295
0.010297
0.010305
0.010307
0.010392
0.010399
0.010402
0.010787
0.010794
0.010806
0.010826
0.01092
0.010944
0.010968
0.010995
0.011011
0.011084
0.011105
0.011131
0.011152
0.011172
0.011692
0.011701
0.011721
0.011743
0.011792
0.011813
0.011836
0.01186
0.011886
0.011902
0.012018
0.01204
0.012066
0.012087
0.012109
0.012561
0.012589
0.01261
0.012632
0.012655
0.012706
0.012712
0.012724
0.012747
0.012846
0.012858
0.012882
0.012908
0.012923
0.013074
0.013098
0.01312
0.013529
0.013534
0.013547
0.013568
0.013661
0.013683
0.013707
0.013732
0.013748
0.013821
0.013843
0.013868
0.013889
0.01391
0.014392
0.014403
0.014422
0.014444
0.014493
0.014514
0.014536
0.014559
0.014585
0.014601
0.014716
0.014737
0.014761
0.014783
0.014805
0.015288
0.015315
0.015335
0.015358
0.015382
0.015432
0.015438
0.015466
0.015492
0.015592
0.015607
0.015633
0.015658
0.015674
0.015832
0.015854
0.015875
0.016269
0.016273
0.016285
0.016303
0.016392
0.016413
0.016434
0.016459
0.016473
0.016545
0.016566
0.016591
0.016612
0.016631
0.017101
0.017106
0.017122
0.017143
0.017189
0.017209
0.01723
0.017251
0.017279
0.017293
0.017403
0.017424
0.017447
0.017468
0.017488
0.017927
0.017951
0.017971
0.017991
0.018012
0.018063
0.01807
0.018078
0.018099
0.018197
0.018208
0.01823
0.018255
0.018269
0.018415
0.018612
0.018616
0.018868
0.018888
0.018891
0.018908
0.018975
0.018989
0.019062
0.019083
0.019105
0.01937
0.019373
0.019584
0.019587
0.019589
0.019628
0.019647
0.019667
0.019764
0.01979
0.019805
0.019876
0.019896
0.019918
0.019941
0.020147
0.02015
0.020393
0.020396
0.020399
0.020458
0.020509
0.020511
0.020524
0.020616
0.02069
0.020693
0.020708
0.020729
0.020753
0.020767
0.020872
0.020875
0.020884
0.021121
0.021124
0.021396
0.021448
0.021467
0.021488
0.021508
0.021533
0.021547
0.021617
0.021638
0.021661
0.021969
0.021972
0.022175
0.022178
0.022181
0.022216
0.022235
0.022255
0.022352
0.022378
0.022393
0.022464
0.022495
0.02252
0.022542
0.022752
0.022755
0.022998
0.023001
0.023004
0.023062
0.023113
0.023116
0.023127
0.02322
0.023295
0.023298
0.023313
0.023334
0.02336
0.023374
0.02348
0.023482
0.023575
0.023578
0.023587
0.024756
0.024759
0.025166
0.025169
0.025366
0.02537
0.025373
0.025376
0.025397
0.0254
0.025402
0.025407
0.025411
0.025413
0.025416
0.025428
0.02543
0.025458
0.025473
0.025475
0.025497
0.025499
0.025503
0.025677
0.025679
0.025845
0.025848
0.025851
0.02587
0.025891
0.025894
0.025897
0.025918
0.025922
0.025928
0.025931
0.025959
0.025962
0.025983
0.026005
0.026589
0.026592
0.02677
0.026773
0.026776
0.026795
0.026893
0.026895
0.026898
0.026915
0.027019
0.027022
0.027025
0.02703
0.027038
0.02704
0.027169
0.027171
0.027174
0.027367
0.02737
0.027628
0.027656
0.027659
0.027662
0.027666
0.027689
0.027704
0.027777
0.027797
0.027835
0.028121
0.028124
0.028347
0.02835
0.028353
0.028381
0.028384
0.0284
0.028491
0.028516
0.02853
0.028599
0.028616
0.028637
0.028658
0.028877
0.028879
0.029135
0.029138
0.02914
0.029155
0.02925
0.029253
0.029255
0.02931
0.02943
0.029433
0.029435
0.02944
0.029443
0.030087
0.03025
0.030253
0.030255
0.03048
0.030482
0.030742
0.03077
0.030773
0.030783
0.030801
0.030824
0.030838
0.030907
0.030925
0.030946
0.031227
0.03123
0.03145
0.031452
0.031455
0.031484
0.031498
0.031518
0.031608
0.031632
0.031646
0.031715
0.031732
0.031753
0.031773
0.031982
0.031985
0.032238
0.03224
0.032243
0.032255
0.032351
0.032353
0.032356
0.032402
0.032521
0.032524
0.032526
0.03253
0.032534
0.03254
0.032705
0.032707
0.032711
0.032919
0.032922
0.03318
0.033207
0.03321
0.033221
0.03324
0.033263
0.033276
0.033344
0.03336
0.033382
0.033662
0.033665
0.033886
0.033889
0.033892
0.033919
0.033922
0.033936
0.034026
0.034051
0.034065
0.034134
0.034153
0.034175
0.034195
0.034403
0.034406
0.034659
0.034662
0.034664
0.034678
0.034773
0.034775
0.034778
0.034821
0.034941
0.034943
0.034947
0.034951
0.034955
0.034964
0.035123
0.035125
0.035252
0.035255
0.035258
0.036229
0.036231
0.036777
0.036781
0.037038
0.037041
0.037044
0.037047
0.037076
0.037079
0.037082
0.037085
0.037088
0.037091
0.037094
0.037099
0.037101
0.037137
0.03714
0.037142
0.037156
0.037159
0.037162
0.037313
0.037316
0.037512
0.037515
0.037517
0.037534
0.037568
0.037574
0.037578
0.037595
0.037598
0.037601
0.037604
0.037642
0.037645
0.037648
0.037653
0.038154
0.038157
0.03846
0.038465
0.038472
0.038493
0.038682
0.038688
0.038693
0.038725
0.038924
0.038929
0.038935
0.038943
0.038948
0.038954
0.039223
0.039229
0.039235
0.03994
0.039947
0.039975
0.04003
0.040037
0.040042
0.040047
0.040055
0.040063
0.040144
0.040152
0.040157
0.040385
0.040392
0.040766
0.040771
0.040776
0.040833
0.040838
0.040843
0.040851
0.040882
0.040887
0.040977
0.040982
0.040988
0.040995
0.041201
0.041205
0.04162
0.041627
0.041633
0.041654
0.041843
0.041851
0.041858
0.041889
0.042088
0.042095
0.042103
0.04211
0.042117
0.042122
0.042389
0.042396
0.042402
0.042682
0.042689
0.04313
0.043185
0.043192
0.043199
0.043204
0.043211
0.043216
0.043299
0.043306
0.043312
0.043533
0.043539
0.043911
0.043916
0.043924
0.043981
0.043988
0.043995
0.044027
0.044032
0.044037
0.044125
0.04413
0.044135
0.044143
0.044351
0.044356
0.044777
0.044782
0.04479
0.044812
0.045002
0.045009
0.045017
0.04505
0.045246
0.045251
0.045259
0.045264
0.04527
0.045275
0.045545
0.04555
0.045816
0.045823
0.045829
0.046115
0.046123
0.046805
0.04681
0.047247
0.047255
0.047262
0.047268
0.047326
0.047333
0.047341
0.047348
0.047354
0.047359
0.047366
0.047375
0.047382
0.047467
0.047472
0.04748
0.047501
0.047506
0.047514
0.047722
0.047727
0.048088
0.048092
0.048098
0.048129
0.048186
0.048191
0.048196
0.048225
0.048231
0.048237
0.048242
0.048328
0.048333
0.048339
0.048346
0.048484
0.048489
0.048796
0.048801
0.048807
0.048827
0.048878
0.048883
0.04889
0.048923
0.049722
0.049727
0.049732
0.049738
0.049937
0.049944
0.049949
0.049971
0.049976
0.050256
0.052288
0.052291
0.052293
0.052296
0.052299
0.052302
0.052313
0.052317
0.052319
0.052321
0.052324
0.052327
0.05233
0.052345
0.053466
0.053613
0.053701
0.054548
0.054589
0.054656
0.054681
0.054704
0.054727
0.054793
0.054838
0.054893
0.054938
0.05496
0.055042
0.055074
0.055096
0.055124
0.055195
0.055224
0.055264
0.055286
0.055313
0.055373
0.055422
0.055488
0.055512
0.055539
0.055583
0.05565
0.055678
0.055742
0.055765
0.055788
0.055862
0.055891
0.055934
0.056045
0.056157
0.056204
0.056253
0.056275
0.056341
0.056397
0.056438
0.056481
0.056569
0.056626
0.056645
0.05669
0.05673
0.056783
0.056806
0.056847
0.056882
0.056931
0.05695
0.056997
