0.000218
0.000233
0.000406
0.000434
0.000472
0.000521
0.000525
0.000557
0.000588
0.001537
0.001926
0.003832
0.003861
0.00404
0.004067
0.004697
0.0047
0.004703
0.004981
0.005035
0.005094
0.005303
0.005334
0.005361
0.00542
0.005553
0.006146
0.006163
0.006166
0.006169
0.006199
0.006884
0.006919
0.006938
0.007098
0.00715
0.007177
0.007859
0.007969
0.008074
0.008154
0.008198
0.008419
0.008568
0.008673
0.008699
0.008977
0.009177
0.009246
0.009312
0.009428
0.0096
0.009623
0.01017
0.010302
0.010305
0.010308
0.010399
0.010434
0.010464
0.010483
0.010572
0.011058
0.011109
0.011133
0.011801
0.011828
0.011854
0.011947
0.01238
0.012421
0.012447
0.012539
0.012672
0.012745
0.012776
0.012841
0.012908
0.013495
0.013528
0.013534
0.013559
0.013594
0.013621
0.014291
0.014528
0.014539
0.014593
0.014648
0.014683
0.014811
0.01485
0.015085
0.015147
0.015776
0.016735
0.016738
0.017197
0.0172
0.017203
0.017222
0.017225
0.017228
0.017248
0.017272
0.017276
0.017289
0.017292
0.017317
0.01734
0.017592
0.017687
0.017981
0.018008
0.018031
0.018792
0.018905
0.018932
0.018962
0.019202
0.01933
0.019341
0.019397
0.019462
0.019485
0.01959
0.020186
0.02022
0.020241
0.020592
0.021027
0.02103
0.021041
0.021069
0.021255
0.021352
0.021432
0.021535
0.021724
0.021727
0.021792
0.02188
0.021917
0.022082
0.022562
0.023023
0.023049
0.023072
0.023185
0.023364
0.023394
0.023413
0.02356
0.023606
0.023965
0.024274
0.024276
0.024641
0.024668
0.024693
0.024748
0.024941
0.02497
0.024996
0.025045
0.025158
0.025182
0.025453
0.025955
0.025957
0.026332
0.0264
0.02648
0.026549
0.026603
0.026695
0.026958
0.026983
0.027
0.027119
0.02716
0.027185
0.027209
0.027283
0.027743
0.028058
0.028088
0.028135
0.02843
0.028465
0.028529
0.028612
0.028649
0.028982
0.029094
0.029144
0.029534
0.02956
0.029583
0.029633
0.029654
0.029833
0.029863
0.029939
0.030077
0.030093
0.030144
0.030862
0.030885
0.031255
0.031279
0.031299
0.031322
0.031373
0.031483
0.031567
0.031572
0.031597
0.031917
0.032085
0.032104
0.032402
0.032428
0.032729
0.033128
0.033131
0.033141
0.03342
0.033453
0.033471
0.03358
0.033621
0.033915
0.033918
0.034037
0.03432
0.034327
0.034336
0.034339
0.034378
0.034814
0.035043
0.035061
0.035247
0.035297
0.035594
0.035597
0.035894
0.035924
0.035945
0.035968
0.036018
0.036023
0.036289
0.036339
0.036458
0.036574
0.036656
0.03705
0.037067
0.037603
0.03763
0.037687
0.038003
0.038005
0.038022
0.038047
0.038064
0.038321
0.038353
0.038987
0.03899
0.038993
0.039082
0.03949
0.039516
0.039568
0.039589
0.040032
0.040084
0.040132
0.040418
0.040596
0.040824
0.041084
0.041316
0.041319
0.041325
0.041352
0.041375
0.041426
0.041428
0.041462
0.042089
0.042586
0.04261
0.042657
0.04268
0.042923
0.043286
0.043339
0.043491
0.043767
0.043778
0.043799
0.043843
0.04386
0.043962
0.044145
0.044564
0.044765
0.044768
0.04477
0.045079
0.045102
0.045148
0.045166
0.045344
0.045369
0.045384
0.045571
0.045597
0.045771
0.045933
0.046275
0.046278
0.04628
0.046777
0.046803
0.046853
0.046856
0.046918
0.047186
0.047213
0.047229
0.047344
0.047348
0.048593
0.048595
0.048893
0.048936
0.049016
0.049019
0.049204
0.049207
0.049216
0.049246
0.049248
0.049254
0.049261
0.049265
0.049289
0.049434
0.049461
0.049473
0.049658
0.049903
0.049923
0.049947
0.050034
0.050588
0.050591
0.050594
0.050598
0.05067
0.050693
0.050735
0.050768
0.050865
0.050898
0.050954
0.05127
0.05145
0.051558
0.052058
0.05206
0.052239
0.052248
0.052348
0.052443
0.052482
0.052526
0.052758
0.052809
0.052851
0.052874
0.053059
0.053227
0.05323
0.053538
0.05358
0.053625
0.053654
0.05367
0.053692
0.053723
0.054317
0.054345
0.054434
0.054686
0.054689
0.054926
0.054953
0.054956
0.054959
0.055113
0.055129
0.055511
0.055742
0.055744
0.056007
0.05601
0.056105
0.056107
0.05611
0.056404
0.056429
0.056446
0.056617
0.056879
0.056882
0.056898
0.057203
0.057413
0.057444
0.057645
0.057671
0.057724
0.057751
0.057765
0.058068
0.058163
0.058326
0.058399
0.058663
0.058666
0.058936
0.058965
0.058967
0.05897
0.058976
0.058991
0.059303
0.059532
0.059534
0.059815
0.059818
0.059821
0.059844
0.059952
0.059978
0.060006
0.060247
0.06035
0.060663
0.06069
0.060705
0.060871
0.061059
0.061062
0.061423
0.061441
0.061462
0.061486
0.0615
0.061652
0.061976
0.061979
0.061982
0.062238
0.062266
0.062269
0.062272
0.062454
0.062538
0.062636
0.062904
0.063009
0.063277
0.06328
0.063543
0.063552
0.063648
0.063651
0.063653
0.063754
0.063758
0.063987
0.064041
0.064113
0.06434
0.064358
0.064361
0.064537
0.065545
0.065551
0.065557
0.0661
0.066103
0.066361
0.066364
0.066368
0.066398
0.066402
0.066405
0.066409
0.066413
0.066417
0.066457
0.06646
0.066464
0.066468
0.066789
0.066791
0.067008
0.067182
0.067184
0.06733
0.067346
0.067366
0.067545
0.067562
0.067907
0.068043
0.06825
0.068592
0.068595
0.068598
0.068879
0.06889
0.069077
0.06908
0.069082
0.069085
0.069379
0.069405
0.069427
0.06977
0.070426
0.070432
0.070485
0.070493
0.070497
0.070501
0.070507
0.070589
0.071517
0.071521
0.071528
0.07154
0.072003
0.072007
0.07206
0.072066
0.072069
0.07223
0.072249
0.072442
0.072461
0.072614
0.073073
0.073075
0.073194
0.073401
0.073667
0.07367
0.073856
0.073858
0.073861
0.074059
0.074089
0.074108
0.074437
0.074688
0.074691
0.075138
0.075143
0.075149
0.075156
0.07516
0.075282
0.075364
0.075743
0.075746
0.076092
0.076141
0.076144
0.076148
0.076239
0.07626
0.076509
0.076848
0.076851
0.077265
0.077268
0.077454
0.077457
0.07746
0.077462
0.077465
0.078011
0.078039
0.078065
0.078082
0.078111
0.078587
0.078593
0.078859
0.079009
0.079131
0.079134
0.079136
0.079184
0.079406
0.079583
0.080076
0.080085
0.080481
0.080483
0.080487
0.080556
0.08056
0.080584
0.08075
0.080784
0.080804
0.081145
0.081174
0.081358
0.08145
0.081484
0.081791
0.081793
0.08236
0.082379
0.082382
0.082385
0.082502
0.082544
0.082593
0.082639
0.082667
0.08311
0.083241
0.083367
0.083465
0.083508
0.083601
0.083936
0.083981
0.084003
0.084398
0.084401
0.084404
0.084454
0.08446
0.084462
0.085428
0.085632
0.085636
0.08564
0.087926
0.087929
0.087936
0.087943
0.087947
0.087949
0.087952
0.087954
0.087962
0.087971
0.088164
0.0882
0.088265
0.088289
0.088711
0.088799
0.088848
0.088963
0.089029
0.089111
0.089192
0.089663
0.091554
0.091585
0.091609
0.091691
0.091978
0.092721
0.093144
0.093611
0.093649
0.094068
0.094453
0.095987
0.096037
0.096069
0.096271
0.096648
0.098467
0.098564
0.098616
0.098665
0.10398
0.104011
0.104038
0.10406
0.104086
0.104119
0.104143
0.10417
0.104198
0.104233
0.104257
0.104286
0.104308
0.104334
0.104358
0.104381
0.104406
0.104431
0.104474
0.104498
0.104522
0.104545
0.104569
0.104593
0.104615
0.104638
0.104661
0.104684
0.104707
0.10473
0.104752
0.104776
0.104799
0.104822
0.104845
0.104868
0.104891
0.104914
0.104936
0.104959
0.104982
0.105007
0.10503
0.105052
0.105075
0.105098
0.10512
0.105143
0.105166
0.105188
0.105211
0.105235
0.105258
0.105282
0.105306
