0.007967 0.001909
0.006400 0.003906
0.049151 2.000000
0.007776 0.000977
0.007584 0.000977
0.062399 2.000000
0.004960 0.003906
0.008288 0.000977
0.123519 4.500000
0.004640 0.000977
0.007904 0.003906
0.006111 0.003906
0.065599 2.000000
0.007296 0.000977
0.008096 0.000977
0.030079 1.000000
0.108671 3.910156
0.006560 0.001953
0.008448 0.003906
0.022496 0.500000
0.008256 0.000977
0.008864 0.000488
0.119327 4.500000
0.007744 0.000977
0.004800 0.003906
0.006912 0.000488
0.052416 2.000000
0.004640 0.000977
0.005376 0.000977
0.017760 0.500000
0.058207 2.000000
0.007360 0.003906
0.007520 0.001953
0.008832 0.003906
0.005760 0.000977
0.103199 4.500000
0.007680 0.000977
0.006752 0.000488
0.111647 4.000000
0.036640 1.125000
0.006208 0.000488
0.006560 0.001953
0.006176 0.000488
0.006176 0.001953
0.035232 1.125000
0.004576 0.000488
0.005280 0.001953
0.019168 0.500000
0.021984 0.500000
0.003680 0.000488
0.007712 0.000488
0.015328 0.500000
0.005504 0.001953
0.004704 0.000488
0.037408 1.125000
0.006112 0.000488
0.005408 0.000488
0.009152 0.000488
0.019904 0.500000
0.006592 0.001953
0.007296 0.001953
0.018335 0.500000
0.007648 0.000488
0.003552 0.000488
0.026880 1.125000
0.001984 0.000488
0.003552 0.000488
0.013152 0.500000
0.004544 0.001953
0.003552 0.001953
0.013311 0.500000
0.004992 0.000488
0.003616 0.000488
0.003584 0.000488
0.028512 1.125000
0.006240 0.000488
0.021088 0.500000
0.007680 0.001953
0.007264 0.001953
0.006623 0.001953
0.006016 0.001953
0.031552 1.000000
0.008799 0.000488
0.018464 0.500000
0.008032 0.000488
0.028511 1.125000
0.008608 0.000488
0.006400 0.000488
0.013856 0.250000
0.006752 0.000977
0.005823 0.000977
0.004768 0.000244
0.007648 0.125000
0.008064 0.000244
0.011040 0.281250
0.005536 0.000244
0.004992 0.000244
0.007552 0.125000
0.007904 0.000977
0.005920 0.000977
0.008096 0.125000
0.004576 0.000244
0.005280 0.000244
0.005056 0.000244
0.014080 0.281250
0.010719 0.000244
0.011584 0.125000
0.007712 0.000977
0.008256 0.000977
0.010592 0.000244
0.011936 0.125000
0.006208 0.000244
0.009952 0.281250
0.007296 0.000244
0.005792 0.000244
0.017056 0.125000
0.007936 0.000977
0.007104 0.000977
0.005504 0.000977
0.005376 0.000977
0.010368 0.125000
0.013088 0.250000
0.004704 0.000244
0.007680 0.000244
0.005760 0.000244
0.020896 0.281250
0.006336 0.000244
0.008928 0.062500
0.005120 0.000488
0.007840 0.000488
0.014367 0.031250
0.006656 0.000122
0.006080 0.000122
0.005536 0.000122
0.006720 0.070312
0.019840 0.000122
0.010304 0.031250
0.007040 0.000488
0.007296 0.000488
0.010560 0.000122
0.010464 0.031250
0.006976 0.000122
0.008672 0.070312
0.004544 0.000122
0.003072 0.000122
0.006176 0.031250
0.003264 0.000488
0.004992 0.000488
0.003008 0.000488
0.005888 0.000488
0.004928 0.031250
0.010016 0.031250
0.003104 0.000122
0.004416 0.000122
0.006400 0.000122
0.005888 0.070312
0.002976 0.000122
0.006112 0.007812
0.004704 0.000122
0.004928 0.000122
0.008064 0.017944
