40.781623 0.007680 0.001909
40.782921 0.006720 0.003906
40.783063 0.049151 2.000000
40.783518 0.008768 0.000977
40.783812 0.008127 0.000977
40.784351 0.061184 2.000000
40.784419 0.005663 0.003906
40.785188 0.008064 0.000977
40.785752 0.127646 4.500000
40.785887 0.003520 0.000977
40.788977 0.006784 0.003906
40.788999 0.005696 0.003906
40.789703 0.068511 2.000000
40.789796 0.005152 0.000977
40.789810 0.119551 3.910156
40.789988 0.005248 0.003906
40.790151 0.005152 0.000977
40.790662 0.115903 4.500000
40.790864 0.007264 0.000977
40.790970 0.007936 0.000977
40.790985 0.007200 0.003906
40.791163 0.055359 2.000000
40.791304 0.004672 0.000977
40.791677 0.060159 2.000000
40.791744 0.028512 1.000000
40.791779 0.008000 0.000977
40.791829 0.004544 0.003906
40.791837 0.008288 0.001953
40.791854 0.005888 0.000977
40.791930 0.090751 4.000000
40.792211 0.005024 0.003906
40.792504 0.024672 0.500000
40.792575 0.009280 0.000488
40.793154 0.115679 4.500000
40.793275 0.004480 0.000488
40.793326 0.004800 0.000977
40.793486 0.004512 0.001953
40.793758 0.004544 0.000488
40.793978 0.013312 0.500000
40.793996 0.035904 1.125000
40.794056 0.007360 0.000488
40.794110 0.005983 0.001953
40.794161 0.004704 0.001953
40.794923 0.020672 0.500000
40.794948 0.016415 0.000488
40.795425 0.003840 0.000488
40.795558 0.031743 1.125000
40.795672 0.003840 0.000488
40.795848 0.006240 0.000488
40.796838 0.013728 0.500000
40.797321 0.002016 0.001953
40.798178 0.007392 0.001953
40.798375 0.013344 0.500000
40.798810 0.002048 0.000488
40.799583 0.003680 0.000488
40.799981 0.028704 1.125000
40.801939 0.004768 0.000488
40.802160 0.004672 0.000488
40.802897 0.015520 0.500000
40.803511 0.004672 0.001953
40.803560 0.004607 0.001953
40.803629 0.017408 0.500000
40.804901 0.006976 0.000488
40.805334 0.004544 0.000488
40.805765 0.028704 1.125000
40.805953 0.005824 0.000488
40.806498 0.011552 0.000488
40.806875 0.015232 0.500000
40.807298 0.005440 0.001953
40.807381 0.005824 0.001953
40.807964 0.015648 0.500000
40.808685 0.006816 0.000488
40.809185 0.005152 0.000488
40.809566 0.005216 0.000488
40.809576 0.028896 1.125000
40.811675 0.009375 0.000488
40.811746 0.023200 0.500000
40.811833 0.005920 0.001953
40.812473 0.005664 0.001953
40.812497 0.006976 0.001953
40.812587 0.004544 0.001953
40.812848 0.028096 1.000000
40.813748 0.008736 0.000488
40.813769 0.023232 0.500000
40.813975 0.007424 0.000488
40.814426 0.032512 1.125000
40.814737 0.005088 0.000488
40.817294 0.004704 0.000488
40.818242 0.014656 0.250000
40.818432 0.006720 0.000977
40.818717 0.005440 0.000977
40.819526 0.005664 0.000244
40.820169 0.008064 0.125000
40.820636 0.006816 0.000244
40.821416 0.010368 0.281250
40.821938 0.006560 0.000244
40.823128 0.004768 0.000244
40.823496 0.007264 0.125000
40.824411 0.005120 0.000977
40.824568 0.005632 0.000977
40.825569 0.009856 0.125000
40.826405 0.005120 0.000244
40.827405 0.005472 0.000244
40.828196 0.008960 0.000244
40.828352 0.013248 0.281250
40.829383 0.008288 0.000244
40.829424 0.010272 0.125000
40.831424 0.008159 0.000977
40.831947 0.007712 0.000977
40.834132 0.006336 0.000244
40.834503 0.007200 0.125000
40.834800 0.012288 0.000244
40.834965 0.017280 0.281250
40.835159 0.008640 0.000244
40.836363 0.010624 0.000244
40.837090 0.014464 0.125000
40.838811 0.010111 0.000977
40.842285 0.005568 0.000977
40.842298 0.004384 0.000977
40.842313 0.006080 0.000977
40.842325 0.011615 0.125000
40.842345 0.015776 0.250000
40.842367 0.009088 0.000244
40.842383 0.004032 0.000244
40.842392 0.006944 0.000244
40.842407 0.017280 0.281250
40.842431 0.008192 0.000244
40.842448 0.010367 0.062500
40.842464 0.009152 0.000488
40.842481 0.004480 0.000488
40.842492 0.009280 0.031250
40.842509 0.009696 0.000122
40.842526 0.008256 0.000122
40.842541 0.007840 0.000122
40.842556 0.009792 0.070312
40.842572 0.008095 0.000122
40.842587 0.008800 0.031250
40.842601 0.007808 0.000488
40.842616 0.007936 0.000488
40.842820 0.008320 0.000122
40.842835 0.008224 0.031250
40.843239 0.004704 0.000122
40.843669 0.008576 0.070312
40.844697 0.010688 0.000122
40.846964 0.007360 0.000122
40.847301 0.009344 0.031250
40.847318 0.006912 0.000488
40.848205 0.008896 0.000488
40.848229 0.007968 0.000488
40.848346 0.004576 0.000488
40.848555 0.004480 0.031250
40.848566 0.008448 0.031250
40.849159 0.010752 0.000122
40.849285 0.007744 0.000122
40.851433 0.005760 0.000122
40.851446 0.010464 0.070312
40.851979 0.008128 0.000122
40.854544 0.008960 0.007812
40.854564 0.007807 0.000122
40.854577 0.008832 0.017944
40.854593 0.008192 0.000122
