0 0 602112
1 1 3211264
2 1 802816
2 0 3211264
2 2 802816
2 2 200704
2 3 802816
2 2 200704
2 4 3211264
2 2 802816
2 5 802816
2 2 200704
2 6 802816
2 2 200704
2 7 3211264
2 2 802816
2 8 802816
2 2 200704
2 9 802816
2 2 200704
2 10 3211264
2 2 802816
3 1 802816
3 0 1605632
3 2 401408
2 2 100352
3 3 401408
2 2 100352
3 4 1605632
2 2 401408
3 5 401408
2 2 100352
3 6 401408
2 2 100352
3 7 1605632
2 2 401408
3 8 401408
2 2 100352
3 9 401408
2 2 100352
3 10 1605632
2 2 401408
3 11 401408
2 2 100352
3 12 401408
2 2 100352
3 13 1605632
2 2 401408
4 1 401408
4 0 802816
4 2 200704
2 2 50176
4 3 200704
2 2 50176
4 4 802816
2 2 200704
4 5 200704
2 2 50176
4 6 200704
2 2 50176
4 7 802816
2 2 200704
4 8 200704
2 2 50176
4 9 200704
2 2 50176
4 10 802816
2 2 200704
4 11 200704
2 2 50176
4 12 200704
2 2 50176
4 13 802816
2 2 200704
4 14 200704
2 2 50176
4 15 200704
2 2 50176
4 16 802816
2 2 200704
4 17 200704
2 2 50176
4 18 200704
2 2 50176
4 19 802816
2 2 200704
5 1 200704
5 0 401408
5 2 100352
2 2 25088
5 3 100352
2 2 25088
5 4 401408
2 2 100352
5 5 100352
2 2 25088
5 6 100352
2 2 25088
5 7 401408
2 2 100352
5 8 100352
2 2 25088
5 9 100352
2 2 25088
5 10 401408
2 2 100352
6 1 401408
6 2 8192
6 3 4000
