1 1 118013952
2 1 1806336
2 0 51380224
2 2 12845056
2 3 115605504
2 4 51380224
2 5 51380224
2 6 115605504
2 7 51380224
2 8 51380224
2 9 115605504
2 10 51380224
3 1 200704
3 0 102760448
3 2 25690112
3 3 115605504
3 4 51380224
3 5 51380224
3 6 115605504
3 7 51380224
3 8 51380224
3 9 115605504
3 10 51380224
3 11 51380224
3 12 115605504
3 13 51380224
4 1 100352
4 0 102760448
4 2 25690112
4 3 115605504
4 4 51380224
4 5 51380224
4 6 115605504
4 7 51380224
4 8 51380224
4 9 115605504
4 10 51380224
4 11 51380224
4 12 115605504
4 13 51380224
4 14 51380224
4 15 115605504
4 16 51380224
4 17 51380224
4 18 115605504
4 19 51380224
5 1 50176
5 0 102760448
5 2 25690112
5 3 115605504
5 4 51380224
5 5 51380224
5 6 115605504
5 7 51380224
5 8 51380224
5 9 115605504
5 10 51380224
6 1 100352
6 2 100352
6 3 2048000
