1 1 18816
2 1 0
2 0 32768
2 2 8192
2 3 73728
2 4 32768
2 5 32768
2 6 73728
2 7 32768
2 8 32768
2 9 73728
2 10 32768
3 1 0
3 0 262144
3 2 65536
3 3 294912
3 4 131072
3 5 131072
3 6 294912
3 7 131072
3 8 131072
3 9 294912
3 10 131072
3 11 131072
3 12 294912
3 13 131072
4 1 0
4 0 1048576
4 2 262144
4 3 1179648
4 4 524288
4 5 524288
4 6 1179648
4 7 524288
4 8 524288
4 9 1179648
4 10 524288
4 11 524288
4 12 1179648
4 13 524288
4 14 524288
4 15 1179648
4 16 524288
4 17 524288
4 18 1179648
4 19 524288
5 1 0
5 0 4194304
5 2 1048576
5 3 4718592
5 4 2097152
5 5 2097152
5 6 4718592
5 7 2097152
5 8 2097152
5 9 4718592
5 10 2097152
6 1 0
6 2 0
6 3 4096000
