0.207998 3.910156
0.089055 2.000000
0.002399 0.000977
0.002944 0.000977
0.002623 0.000977
0.001952 0.000977
0.002048 0.003906
0.095583 2.000000
0.088895 2.000000
0.002016 0.000977
0.001824 0.000977
0.024288 0.500000
0.003744 0.003906
0.001920 0.000488
0.002048 0.003906
0.002080 0.001953
0.196702 4.500000
0.051327 1.125000
0.001952 0.001953
0.001984 0.001953
0.001952 0.000488
0.053247 1.125000
0.002048 0.001953
0.023455 0.500000
0.001920 0.000488
0.001920 0.000488
0.002272 0.000488
0.023455 0.500000
0.002944 0.000488
0.023520 0.500000
0.003104 0.000488
0.001952 0.000488
0.002432 0.001953
0.002144 0.001953
0.023487 0.500000
0.050975 1.125000
0.001792 0.000488
0.002016 0.000977
0.003904 0.001953
0.014048 0.281250
0.002048 0.000977
0.050431 1.125000
0.001920 0.000244
0.002912 0.001953
0.007264 0.125000
0.001920 0.000488
0.001920 0.000244
0.001952 0.000244
0.012992 0.250000
0.002112 0.000977
0.001952 0.000977
0.002016 0.000244
0.009439 0.125000
0.001984 0.000244
0.008640 0.125000
0.003168 0.031250
0.001792 0.000244
0.001951 0.000122
0.001760 0.000244
0.002080 0.000488
0.007040 0.125000
0.005344 0.070312
0.001792 0.000244
0.003296 0.000488
0.002848 0.000122
0.001856 0.000977
0.003232 0.007812
0.001760 0.000122
0.001824 0.000977
0.013856 0.281250
0.001952 0.000488
0.004640 0.070312
0.001824 0.000488
0.001792 0.000122
0.003008 0.031250
0.003136 0.031250
0.001760 0.000122
0.001792 0.000122
