49.696397 4.500000
49.696533 3.910156
49.698176 0.003906
49.699193 0.000977
49.702193 0.000977
49.702557 2.000000
49.702884 0.000977
49.705340 4.000000
49.705565 0.000977
49.705684 2.000000
49.707053 0.000977
49.707967 0.000977
49.710410 0.000488
49.711153 0.003906
49.711918 0.000488
49.712135 0.003906
49.714683 0.500000
49.714990 4.500000
49.716742 0.000488
49.717051 0.001953
49.718560 0.001953
49.719947 1.125000
49.721101 1.125000
49.722007 0.001953
49.723531 0.000488
49.723902 0.001953
49.725086 0.000488
49.726063 0.500000
49.727148 0.500000
49.728601 0.000488
49.729669 0.000488
49.729929 0.000488
49.730985 0.000488
49.732955 0.001953
49.733691 0.500000
49.734007 0.500000
49.735818 0.000488
49.735890 0.000488
49.737770 0.001953
49.738398 0.125000
49.740638 0.000244
49.741965 1.125000
49.742077 0.000977
49.743359 0.001953
49.743401 0.281250
49.745461 0.000977
49.746068 0.000488
49.747043 0.000244
49.750005 0.125000
49.750043 0.250000
49.750944 0.000977
49.751629 0.000244
49.752109 0.250000
49.753535 0.000244
49.754719 0.000244
49.755325 0.125000
49.757520 0.000244
49.758947 0.000122
49.759952 0.000244
49.760198 0.000122
49.763731 0.125000
49.763758 0.031250
49.766354 0.000244
49.766362 0.000122
49.768547 0.000488
49.770265 0.000488
49.770991 0.000977
49.771641 0.070312
49.774484 0.000977
49.774502 0.000122
49.776054 0.281250
49.776581 0.000488
49.778738 0.070312
49.781932 0.000488
49.781942 0.000122
49.784942 0.031250
49.786440 0.031250
49.787386 0.000122
49.791672 0.000122
