49.696385 0.003906
49.698299 4.500000
49.698510 0.003906
49.700883 0.003906
49.701490 0.000977
49.702247 0.000977
49.703158 2.000000
49.704145 1.000000
49.705014 0.001953
49.706020 0.000977
49.706660 0.000488
49.707743 0.000977
49.708842 0.500000
49.710839 0.003906
49.711004 0.000488
49.712435 2.000000
49.712943 0.000488
49.714886 0.000977
49.716055 0.500000
49.717707 0.000488
49.718171 0.500000
49.719717 0.001953
49.720376 0.000488
49.722111 0.001953
49.722412 1.125000
49.724403 0.001953
49.724748 1.125000
49.725966 0.000488
49.726787 0.001953
49.727896 0.500000
49.729765 0.000488
49.730900 0.500000
49.732284 1.000000
49.732356 0.000488
49.733403 0.000488
49.734030 0.000488
49.736144 0.000488
49.736606 0.000244
49.738132 0.000244
49.739142 0.500000
49.740596 0.125000
49.741903 0.000488
49.742596 0.000244
49.742853 0.001953
49.744283 0.001953
49.744610 0.000977
49.747078 1.125000
49.747443 0.281250
49.750196 0.000977
49.750413 0.000977
49.752028 0.000244
49.753320 0.281250
49.754276 0.062500
49.754632 0.000488
49.755618 0.000977
49.755873 0.000122
49.757840 0.000244
49.758856 0.031250
49.759765 0.000122
49.761169 0.125000
49.761196 0.000122
49.763317 0.000488
49.763887 0.000244
49.765367 0.031250
49.766336 0.000244
49.767702 0.000122
49.770259 0.017944
49.770766 0.000977
49.770850 0.125000
49.774846 0.000244
49.776232 0.031250
49.778946 0.000122
49.781754 0.000488
49.782174 0.070312
49.785093 0.000488
49.787671 0.000122
49.789860 0.007812
49.791881 0.000122
