49.696885 0.001909
49.698105 0.003906
49.700598 2.000000
49.700777 0.000977
49.702246 0.000977
49.702876 2.000000
49.704972 0.003906
49.705540 0.000977
49.707182 4.500000
49.707520 0.000977
49.710574 0.003906
49.711054 0.003906
49.712105 2.000000
49.713290 0.000977
49.714526 0.000977
49.716171 1.000000
49.717120 0.001953
49.717891 0.500000
49.718790 0.000488
49.720099 0.000488
49.721239 0.500000
49.721734 0.001953
49.723730 0.000488
49.724445 1.125000
49.725167 0.000488
49.726540 0.001953
49.727936 0.500000
49.729160 0.000488
49.730199 0.000488
49.730602 0.500000
49.732791 0.001953
49.733732 0.000488
49.735183 1.125000
49.735776 0.000488
49.738266 0.001953
49.738662 0.500000
49.740646 0.000488
49.740733 0.000488
49.742373 0.500000
49.742573 0.001953
49.743087 0.001953
49.744435 1.000000
49.745532 1.125000
49.746076 0.000488
49.747360 0.000488
49.747531 0.000977
49.750135 0.281250
49.751099 0.000244
49.751283 0.000977
49.752917 0.000244
49.753600 0.000244
49.754628 0.125000
49.756061 0.000244
49.757486 0.000244
49.757494 0.125000
49.759726 0.000977
49.760078 0.000244
49.760962 0.125000
49.762151 0.000977
49.762986 0.000244
49.765436 0.031250
49.766068 0.281250
49.767721 0.000122
49.770246 0.000488
49.770880 0.070312
49.771186 0.000977
49.771807 0.000244
49.774500 0.000488
49.775106 0.062500
49.775910 0.000488
49.776823 0.000122
49.777042 0.000122
49.779207 0.007812
49.781253 0.000122
49.781953 0.000122
49.781974 0.031250
49.782577 0.000122
49.785157 0.000488
49.787116 0.031250
49.791680 0.000122
49.792253 0.017944
