47.556554
47.927627
48.296086
48.656931
49.020108
49.398587
49.775216
50.141856
50.513073
50.884877
51.262597
51.632204
52.007210
52.372936
52.743938
53.113268
53.486738
53.861482
54.242261
54.592504
54.959993
55.383383
55.704037
56.074592
56.462318
56.828390
57.185217
57.565355
57.930330
58.338668
58.689176
59.046275
59.421995
59.794621
60.164964
60.526680
60.900499
61.272836
61.651875
62.024352
62.382227
62.754432
63.121481
63.485526
63.868748
64.238715
64.616867
64.991263
65.349815
65.714307
66.087263
66.455552
66.858464
67.192101
67.616897
67.927948
68.295601
68.671153
69.035625
69.401595
69.772314
70.136582
70.504256
70.882689
71.248714
71.617063
71.991938
72.355630
72.737237
73.142967
73.467113
73.855188
74.204023
74.583266
74.944907
75.327586
75.727649
76.088785
76.444925
76.819911
77.192329
77.559492
77.932437
78.298988
78.674853
79.056570
79.428682
79.819981
80.171325
80.544603
80.917360
81.283583
81.655358
82.022687
82.398233
82.769404
83.144919
83.587421
83.968362
84.345363
84.708112
85.078202
