25.631338
25.745663
25.866568
25.991253
26.092070
26.219374
26.329246
26.453378
26.572980
26.691841
26.795666
26.904037
27.009896
27.113651
27.231798
27.349519
27.460011
27.554723
27.667450
27.769483
27.886300
28.009952
28.130051
28.251561
28.376515
28.491890
28.630531
28.741452
28.850502
28.951290
29.058674
29.163291
29.273812
29.385871
29.497696
29.604840
29.721676
29.839900
29.945952
30.060611
30.170390
30.281568
30.396645
30.507441
30.605981
30.720609
30.837966
30.941975
31.056893
31.174158
31.283189
31.407963
31.526921
31.637133
31.741667
31.858477
31.969497
32.086076
32.205366
32.317608
32.432005
32.534189
32.642204
32.754042
32.885903
33.001413
33.104460
33.224998
33.344995
33.465243
33.589261
33.712134
33.834343
33.959425
34.073413
34.198981
34.327816
34.452143
34.567790
34.712736
34.820380
34.933859
35.050134
35.154247
35.271331
35.389148
35.497597
35.606782
35.725381
35.844869
35.962525
36.067513
36.193467
36.314093
36.423701
36.536749
36.640010
36.738009
36.854984
36.966337
37.073252
37.183376
