0.002400 0.003906
0.001952 0.000977
0.089119 2.000000
0.002112 0.000977
0.002272 0.000977
0.002016 0.003906
0.088896 2.000000
0.001984 0.000977
0.002015 0.003906
0.024096 0.500000
0.196638 4.500000
0.002016 0.000488
0.002016 0.003906
0.001920 0.001953
0.002016 0.000977
0.051264 1.125000
0.088671 2.000000
0.001984 0.001953
0.001984 0.000488
0.175998 4.000000
0.001920 0.000977
0.023712 0.500000
0.001984 0.000977
0.001984 0.000488
0.001984 0.000488
0.003040 0.000488
0.023872 0.500000
0.001984 0.000488
0.001920 0.000488
0.004544 0.001953
0.002016 0.001953
0.024224 0.500000
0.001984 0.000488
0.050848 1.125000
0.001984 0.001953
0.001920 0.000977
0.051263 1.125000
0.014848 0.281250
0.002368 0.001953
0.002656 0.000977
0.002016 0.000488
0.002240 0.000244
0.023968 0.500000
0.007712 0.125000
0.001984 0.000488
0.001888 0.000244
0.002016 0.000488
0.001984 0.000244
0.002368 0.000977
0.002016 0.001953
0.008000 0.125000
0.025248 0.500000
0.001888 0.000244
0.001984 0.000488
0.005184 0.031250
0.008960 0.125000
0.002400 0.000122
0.002016 0.000488
0.001984 0.000244
0.002016 0.000977
0.007232 0.070312
0.018400 0.281250
0.002016 0.000488
0.002048 0.000977
0.003264 0.000122
0.003776 0.000244
0.004288 0.007812
0.002688 0.000122
0.007296 0.125000
0.012768 0.250000
0.001984 0.000244
0.002016 0.000244
0.002016 0.000122
0.002016 0.000122
0.003200 0.031250
0.001760 0.000122
0.002016 0.000488
0.002016 0.000488
0.005152 0.070312
0.002048 0.000122
