36.543872
36.671794
36.800698
36.941714
37.083573
37.214974
37.335808
37.463644
37.589626
37.720090
37.861806
37.998480
38.130433
38.266741
38.395927
38.525433
38.657411
38.790726
38.928825
39.073368
39.197575
39.329687
39.459935
39.597789
39.731968
39.858066
39.978365
40.106687
40.242062
40.364166
40.505538
40.634765
40.762411
40.892539
41.020202
41.152347
41.286900
41.417415
41.551524
41.689375
41.816041
41.945237
42.072426
42.205448
42.327139
42.458623
42.605223
42.728412
42.858539
43.000523
43.133353
43.256156
43.386153
43.515938
43.654376
43.779664
43.905269
44.024048
44.155016
44.283799
44.420755
44.556426
44.702751
44.831601
44.964934
45.078566
45.215254
45.342266
45.458660
45.591264
45.722871
45.847507
45.981390
46.113426
46.249577
46.378100
46.506484
46.636764
46.762701
46.892743
47.033414
47.166234
47.303248
47.426500
47.550871
47.695637
47.826531
47.960460
48.099084
48.230991
48.361480
48.486291
48.617240
48.747220
48.875381
49.003068
49.125989
49.252283
49.392909
49.529262
49.663087
49.794964
