38.024340 0.001909
38.025041 2.000000
38.027219 0.000977
38.028484 0.003906
38.030130 4.500000
38.032846 0.003906
38.033589 0.000977
38.034712 0.003906
38.035144 1.000000
38.036551 0.001953
38.037952 0.000488
38.038396 4.500000
38.040554 0.500000
38.040639 0.003906
38.043302 0.000977
38.044186 0.000488
38.046014 0.000488
38.046266 2.000000
38.048914 0.500000
38.050589 4.000000
38.050822 0.000488
38.051818 0.000977
38.052918 0.001953
38.053072 0.000977
38.055840 1.125000
38.057197 0.000488
38.058221 0.001953
38.059284 0.000488
38.059408 0.000488
38.063263 0.500000
38.063326 0.500000
38.064855 0.000488
38.065059 1.000000
38.066121 0.000488
38.067226 0.001953
38.067310 0.000488
38.069754 1.125000
38.070739 0.000244
38.072600 0.001953
38.072612 0.000244
38.073763 0.000488
38.074395 0.125000
38.075749 0.500000
38.076689 0.000244
38.077871 0.000977
38.078413 0.000488
38.080065 0.000488
38.081438 0.281250
38.083307 0.000977
38.083320 0.001953
38.084929 0.500000
38.085313 0.000244
38.086500 0.000488
38.087485 0.062500
38.087719 0.000488
38.091370 0.125000
38.091387 0.000122
38.091605 0.031250
38.093158 0.000244
38.094577 0.000977
38.094671 0.000122
38.096157 0.000122
38.097632 0.281250
38.098340 0.000488
38.099081 0.000977
38.099844 0.031250
38.101126 0.000244
38.101993 0.000122
38.104690 0.017944
38.104886 0.125000
38.107318 0.250000
38.107698 0.000244
38.108365 0.000244
38.111396 0.000122
38.113017 0.000122
38.115724 0.031250
38.117273 0.000122
38.119388 0.000488
38.119538 0.000488
38.123243 0.070312
38.126320 0.000122
