38.033013 0.001909
38.033940 3.910156
38.034454 2.000000
38.036020 0.000977
38.036944 0.000977
38.037445 0.003906
38.038703 0.000977
38.039232 4.500000
38.041847 0.003906
38.042479 2.000000
38.043272 0.000977
38.044841 1.000000
38.044951 0.000977
38.045338 0.001953
38.047691 0.000488
38.048285 0.500000
38.048551 0.003906
38.049471 0.003906
38.050377 0.000488
38.051738 0.000488
38.053101 4.500000
38.054604 0.500000
38.055170 0.001953
38.056152 0.000488
38.057974 0.001953
38.058607 1.125000
38.059988 1.125000
38.061068 0.001953
38.062233 0.001953
38.063249 0.000488
38.063594 0.000488
38.066452 0.500000
38.066497 0.500000
38.068076 1.000000
38.068579 0.000488
38.069328 0.000488
38.069896 0.000488
38.070356 0.000488
38.073266 0.000244
38.073858 0.500000
38.074444 0.000244
38.075054 0.000488
38.076899 0.001953
38.077350 0.125000
38.078558 0.000244
38.079630 1.125000
38.081842 0.000977
38.082931 0.281250
38.083230 0.001953
38.085217 0.000488
38.086452 0.000977
38.087609 0.250000
38.088496 0.000977
38.091370 0.000244
38.091414 0.000244
38.091457 0.062500
38.091470 0.000488
38.094023 0.125000
38.094088 0.000122
38.095705 0.031250
38.095933 0.000244
38.097220 0.000244
38.098389 0.000122
38.099421 0.000122
38.100965 0.000488
38.101152 0.125000
38.102170 0.000244
38.102238 0.031250
38.104708 0.000122
38.106815 0.000977
38.106858 0.017944
38.106870 0.000977
38.108041 0.281250
38.109727 0.000488
38.112703 0.070312
38.114628 0.000488
38.115780 0.000122
38.119271 0.031250
38.120908 0.031250
38.121232 0.000122
38.125792 0.000122
